2000
6000
2000
1000
5000
3000
6000
2000
2000
3000
2000
2000
2000
500
500
1000
3000
4000
1000
2000
5000
1000
2000
1000
2000
1000
5000
2000
4000
1000
3000
4000
1000
3000
7000
1000
1000
3000
2000
1000
3000
3000
2000
2000
1000
4000
1000
1000
1000
1000
3000
3000
500
1000
1000
1000
500
2000
500
6000
8000
7000
1000
4000
2000
4000
1000
3000
1000
1000
500
7000
4000
2000
2000
2000
1000
7000
1000
1000
1000
4000
1000
3000
500
3000
2000
3000
3000
4000
3000
2000
8000
1000
500
2000
2000
6000
4000
3000
6000
2000
1000
3000
1000
1000
1000
5000
2000
1000
2000
5000
1000
1000
2000
5000
6000
2000
500
1000
3000
1000
2000
2000
1000
1000
500
3000
2000
2000
1000
1000
1000
3000
1000
3000
2000
1000
2000
4000
1000
3000
2000
2000
3000
500
3000
1000
500
1000
2000
1000
4000
1000
3000
6000
4000
6000
1000
500
1000
3000
2000
500
1000
5000
3000
3000
1000
4000
5000
3000
1000
4000
2000
500
1000
2000
8000
4000
7000
3000
6000
1000
6000
500
1000
5000
5000
500
1000
1000
1000
2000
1000
4000
500
2000
2000
1000
4000
2000
1000
2000
2000
7000
6000
2000
6000
3000
1000
2000
2000
1000
1000
5000
500
1000
4000
1000
3000
1000
2000
3000
2000
2000
3000
4000
5000
3000
500
7000
1000
2000
1000
2000
3000
1000
3000
1000
2000
1000
2000
7000
2000
1000
8000
3000
1000
1000
1000
2000
2000
1000
3000
2000